$data = [
  undef,
  ${\$data->[0]},
  ${\$data->[0]},
  ${\$data->[0]},
  ${\$data->[0]},
  4740243,
  4740243,
  4740243,
  4740243,
  4321615,
  4321615,
  4785519,
  4785519,
  4785519,
  4785519,
  4785519,
  3018940,
  3507239,
  3920583,
  11369765,
  11369765,
  11369765,
  11369765,
  11369765,
  9855832,
  10254378,
  10254378,
  10254378,
  10254378,
  10254378,
  6196613,
  5068070,
  3992273,
  3992273,
  3992273,
  3992273,
  3901213,
  3901213,
  3901213,
  3901213,
  3901213,
  3711444,
  3711444,
  3711444,
  3711444,
  4412511,
  4412511,
  4767933,
  5547969,
  5547969,
  5547969,
  6740214,
  6740214,
  6740214,
  6740214,
  6740214,
  3823129,
  4406255,
  4406255,
  4406255,
  4406255,
  4406255,
  3807525,
  3807525,
  3807525,
  3246446,
  2740840,
  2740840,
  2491615
];
