$data = [
  undef,
  ${\$data->[0]},
  ${\$data->[0]},
  ${\$data->[0]},
  ${\$data->[0]},
  2342908,
  1977408,
  1977408,
  1535422,
  1535422,
  1535422,
  1535422,
  1508299,
  1508299,
  1508299,
  1508299,
  1508299,
  1755833,
  1755833,
  1755833,
  3018940,
  3507239,
  3881327,
  3881327,
  3881327,
  4117937,
  5970818,
  5068070,
  3435515,
  2276331,
  2276331,
  2276331,
  1976461,
  1976461,
  1648842,
  1350149,
  1350149,
  1350149,
  1007617,
  1007617,
  1007617,
  1007617,
  1007617,
  2059815,
  2059815,
  2212996,
  2212996,
  2698924,
  2698924,
  2587878,
  2587878,
  2587878,
  2587878,
  2117878,
  2117878,
  2117878,
  2117878,
  2117878,
  2407782,
  2407782,
  2434691,
  2434691,
  1860253,
  1860253,
  1860253,
  1860253,
  1860253,
  2491615,
  2491615
];
