$data = [
  undef,
  -6712290,
  -1646558,
  -5711898,
  4315571,
  9725291,
  7528279,
  15677583,
  22044090,
  11802146,
  22829705,
  13945655,
  17925855,
  undef,
  undef,
  undef,
  14051289,
  19057371,
  13975542,
  11558937,
  1791898,
  5979357,
  2428281,
  -3499595,
  undef,
  undef,
  -11759342,
  -5518229,
  -12264105,
  -9152234,
  -14265253,
  -17979695,
  -14121022,
  -8342081,
  -14905412,
  -8590414,
  -3155297,
  8403417,
  21169503,
  undef,
  undef,
  27727934,
  22817323,
  undef,
  undef,
  undef,
  11650505,
  15021823,
  19520970
];
